1 3 6 10 15 21 28 36 45 55 66 78 91 105 120 136 153 171 190 210 231 253 276 300 325 33
2 5 9 14 20 27 35 44 54 65 77 90 104 119 135 152 170 189 209 230 252 275 299 324 13
1 3 6 10 15 21 28 36 45 55 66 78 91 105 120 136 153 171 190 210 231 253 276 300 325 33
4 8 13 19 26 34 43 53 64 76 89 103 118 134 151 169 188 208 229 251 274 298 323 25
2 5 9 14 20 27 35 44 54 65 77 90 104 119 135 152 170 189 209 230 252 275 299 324 13
1 3 6 10 15 21 28 36 45 55 66 78 91 105 120 136 153 171 190 210 231 253 276 300 325 33
7 12 18 25 33 42 52 63 75 88 102 117 133 150 168 187 207 228 250 273 297 322 3
4 8 13 19 26 34 43 53 64 76 89 103 118 134 151 169 188 208 229 251 274 298 323 25
2 5 9 14 20 27 35 44 54 65 77 90 104 119 135 152 170 189 209 230 252 275 299 324 13
1 3 6 10 15 21 28 36 45 55 66 78 91 105 120 136 153 171 190 210 231 253 276 300 325 33
11 17 24 32 41 51 62 74 87 101 116 132 149 167 186 206 227 249 272 296 321 123
7 12 18 25 33 42 52 63 75 88 102 117 133 150 168 187 207 228 250 273 297 322 3
4 8 13 19 26 34 43 53 64 76 89 103 118 134 151 169 188 208 229 251 274 298 323 25
2 5 9 14 20 27 35 44 54 65 77 90 104 119 135 152 170 189 209 230 252 275 299 324 13
1 3 6 10 15 21 28 36 45 55 66 78 91 105 120 136 153 171 190 210 231 253 276 300 325 33
16 23 31 40 50 61 73 86 100 115 131 148 166 185 205 226 248 271 295 320 149
11 17 24 32 41 51 62 74 87 101 116 132 149 167 186 206 227 249 272 296 321 123
7 12 18 25 33 42 52 63 75 88 102 117 133 150 168 187 207 228 250 273 297 322 3
4 8 13 19 26 34 43 53 64 76 89 103 118 134 151 169 188 208 229 251 274 298 323 25
2 5 9 14 20 27 35 44 54 65 77 90 104 119 135 152 170 189 209 230 252 275 299 324 13
1 3 6 10 15 21 28 36 45 55 66 78 91 105 120 136 153 171 190 210 231 253 276 300 325 33
22 30 39 49 60 72 85 99 114 130 147 165 184 204 225 247 270 294 319 36
16 23 31 40 50 61 73 86 100 115 131 148 166 185 205 226 248 271 295 320 149
11 17 24 32 41 51 62 74 87 101 116 132 149 167 186 206 227 249 272 296 321 123
7 12 18 25 33 42 52 63 75 88 102 117 133 150 168 187 207 228 250 273 297 322 3
4 8 13 19 26 34 43 53 64 76 89 103 118 134 151 169 188 208 229 251 274 298 323 25
2 5 9 14 20 27 35 44 54 65 77 90 104 119 135 152 170 189 209 230 252 275 299 324 13
1 3 6 10 15 21 28 36 45 55 66 78 91 105 120 136 153 171 190 210 231 253 276 300 325 33
29 38 48 59 71 84 98 113 129 146 164 183 203 224 246 269 293 318 168
22 30 39 49 60 72 85 99 114 130 147 165 184 204 225 247 270 294 319 36
16 23 31 40 50 61 73 86 100 115 131 148 166 185 205 226 248 271 295 320 149
11 17 24 32 41 51 62 74 87 101 116 132 149 167 186 206 227 249 272 296 321 123
7 12 18 25 33 42 52 63 75 88 102 117 133 150 168 187 207 228 250 273 297 322 3
4 8 13 19 26 34 43 53 64 76 89 103 118 134 151 169 188 208 229 251 274 298 323 25
2 5 9 14 20 27 35 44 54 65 77 90 104 119 135 152 170 189 209 230 252 275 299 324 13
1 3 6 10 15 21 28 36 45 55 66 78 91 105 120 136 153 171 190 210 231 253 276 300 325 33
37 47 58 70 83 97 112 128 145 163 182 202 223 245 268 292 317 117
29 38 48 59 71 84 98 113 129 146 164 183 203 224 246 269 293 318 168
22 30 39 49 60 72 85 99 114 130 147 165 184 204 225 247 270 294 319 36
16 23 31 40 50 61 73 86 100 115 131 148 166 185 205 226 248 271 295 320 149
11 17 24 32 41 51 62 74 87 101 116 132 149 167 186 206 227 249 272 296 321 123
7 12 18 25 33 42 52 63 75 88 102 117 133 150 168 187 207 228 250 273 297 322 3
4 8 13 19 26 34 43 53 64 76 89 103 118 134 151 169 188 208 229 251 274 298 323 25
2 5 9 14 20 27 35 44 54 65 77 90 104 119 135 152 170 189 209 230 252 275 299 324 13
1 3 6 10 15 21 28 36 45 55 66 78 91 105 120 136 153 171 190 210 231 253 276 300 325 33
46 57 69 82 96 111 127 144 162 181 201 222 244 267 291 316 122
37 47 58 70 83 97 112 128 145 163 182 202 223 245 268 292 317 117
29 38 48 59 71 84 98 113 129 146 164 183 203 224 246 269 293 318 168
22 30 39 49 60 72 85 99 114 130 147 165 184 204 225 247 270 294 319 36
16 23 31 40 50 61 73 86 100 115 131 148 166 185 205 226 248 271 295 320 149
11 17 24 32 41 51 62 74 87 101 116 132 149 167 186 206 227 249 272 296 321 123
7 12 18 25 33 42 52 63 75 88 102 117 133 150 168 187 207 228 250 273 297 322 3
4 8 13 19 26 34 43 53 64 76 89 103 118 134 151 169 188 208 229 251 274 298 323 25
2 5 9 14 20 27 35 44 54 65 77 90 104 119 135 152 170 189 209 230 252 275 299 324 13
1 3 6 10 15 21 28 36 45 55 66 78 91 105 120 136 153 171 190 210 231 253 276 300 325 33
56 68 81 95 110 126 143 161 180 200 221 243 266 290 315 164
46 57 69 82 96 111 127 144 162 181 201 222 244 267 291 316 122
37 47 58 70 83 97 112 128 145 163 182 202 223 245 268 292 317 117
29 38 48 59 71 84 98 113 129 146 164 183 203 224 246 269 293 318 168
22 30 39 49 60 72 85 99 114 130 147 165 184 204 225 247 270 294 319 36
16 23 31 40 50 61 73 86 100 115 131 148 166 185 205 226 248 271 295 320 149
11 17 24 32 41 51 62 74 87 101 116 132 149 167 186 206 227 249 272 296 321 123
7 12 18 25 33 42 52 63 75 88 102 117 133 150 168 187 207 228 250 273 297 322 3
4 8 13 19 26 34 43 53 64 76 89 103 118 134 151 169 188 208 229 251 274 298 323 25
2 5 9 14 20 27 35 44 54 65 77 90 104 119 135 152 170 189 209 230 252 275 299 324 13
1 3 6 10 15 21 28 36 45 55 66 78 91 105 120 136 153 171 190 210 231 253 276 300 325 33
67 80 94 109 125 142 160 179 199 220 242 265 289 314 40
56 68 81 95 110 126 143 161 180 200 221 243 266 290 315 164
46 57 69 82 96 111 127 144 162 181 201 222 244 267 291 316 122
37 47 58 70 83 97 112 128 145 163 182 202 223 245 268 292 317 117
29 38 48 59 71 84 98 113 129 146 164 183 203 224 246 269 293 318 168
22 30 39 49 60 72 85 99 114 130 147 165 184 204 225 247 270 294 319 36
16 23 31 40 50 61 73 86 100 115 131 148 166 185 205 226 248 271 295 320 149
11 17 24 32 41 51 62 74 87 101 116 132 149 167 186 206 227 249 272 296 321 123
7 12 18 25 33 42 52 63 75 88 102 117 133 150 168 187 207 228 250 273 297 322 3
4 8 13 19 26 34 43 53 64 76 89 103 118 134 151 169 188 208 229 251 274 298 323 25
2 5 9 14 20 27 35 44 54 65 77 90 104 119 135 152 170 189 209 230 252 275 299 324 13
1 3 6 10 15 21 28 36 45 55 66 78 91 105 120 136 153 171 190 210 231 253 276 300 325 33
79 93 108 124 141 159 178 198 219 241 264 288 313 85
67 80 94 109 125 142 160 179 199 220 242 265 289 314 40
56 68 81 95 110 126 143 161 180 200 221 243 266 290 315 164
46 57 69 82 96 111 127 144 162 181 201 222 244 267 291 316 122
37 47 58 70 83 97 112 128 145 163 182 202 223 245 268 292 317 117
29 38 48 59 71 84 98 113 129 146 164 183 203 224 246 269 293 318 168
22 30 39 49 60 72 85 99 114 130 147 165 184 204 225 247 270 294 319 36
16 23 31 40 50 61 73 86 100 115 131 148 166 185 205 226 248 271 295 320 149
11 17 24 32 41 51 62 74 87 101 116 132 149 167 186 206 227 249 272 296 321 123
7 12 18 25 33 42 52 63 75 88 102 117 133 150 168 187 207 228 250 273 297 322 3
4 8 13 19 26 34 43 53 64 76 89 103 118 134 151 169 188 208 229 251 274 298 323 25
2 5 9 14 20 27 35 44 54 65 77 90 104 119 135 152 170 189 209 230 252 275 299 324 13
1 3 6 10 15 21 28 36 45 55 66 78 91 105 120 136 153 171 190 210 231 253 276 300 325 33
92 107 123 140 158 177 197 218 240 263 287 312 5
79 93 108 124 141 159 178 198 219 241 264 288 313 85
67 80 94 109 125 142 160 179 199 220 242 265 289 314 40
56 68 81 95 110 126 143 161 180 200 221 243 266 290 315 164
46 57 69 82 96 111 127 144 162 181 201 222 244 267 291 316 122
37 47 58 70 83 97 112 128 145 163 182 202 223 245 268 292 317 117
29 38 48 59 71 84 98 113 129 146 164 183 203 224 246 269 293 318 168
22 30 39 49 60 72 85 99 114 130 147 165 184 204 225 247 270 294 319 36
16 23 31 40 50 61 73 86 100 115 131 148 166 185 205 226 248 271 295 320 149
11 17 24 32 41 51 62 74 87 101 116 132 149 167 186 206 227 249 272 296 321 123
7 12 18 25 33 42 52 63 75 88 102 117 133 150 168 187 207 228 250 273 297 322 3
4 8 13 19 26 34 43 53 64 76 89 103 118 134 151 169 188 208 229 251 274 298 323 25
2 5 9 14 20 27 35 44 54 65 77 90 104 119 135 152 170 189 209 230 252 275 299 324 13
1 3 6 10 15 21 28 36 45 55 66 78 91 105 120 136 153 171 190 210 231 253 276 300 325 33
106 122 139 157 176 196 217 239 262 286 311 205
92 107 123 140 158 177 197 218 240 263 287 312 5
79 93 108 124 141 159 178 198 219 241 264 288 313 85
67 80 94 109 125 142 160 179 199 220 242 265 289 314 40
56 68 81 95 110 126 143 161 180 200 221 243 266 290 315 164
46 57 69 82 96 111 127 144 162 181 201 222 244 267 291 316 122
37 47 58 70 83 97 112 128 145 163 182 202 223 245 268 292 317 117
29 38 48 59 71 84 98 113 129 146 164 183 203 224 246 269 293 318 168
22 30 39 49 60 72 85 99 114 130 147 165 184 204 225 247 270 294 319 36
16 23 31 40 50 61 73 86 100 115 131 148 166 185 205 226 248 271 295 320 149
11 17 24 32 41 51 62 74 87 101 116 132 149 167 186 206 227 249 272 296 321 123
7 12 18 25 33 42 52 63 75 88 102 117 133 150 168 187 207 228 250 273 297 322 3
4 8 13 19 26 34 43 53 64 76 89 103 118 134 151 169 188 208 229 251 274 298 323 25
2 5 9 14 20 27 35 44 54 65 77 90 104 119 135 152 170 189 209 230 252 275 299 324 13
1 3 6 10 15 21 28 36 45 55 66 78 91 105 120 136 153 171 190 210 231 253 276 300 325 33
121 138 156 175 195 216 238 261 285 310 19
106 122 139 157 176 196 217 239 262 286 311 205
92 107 123 140 158 177 197 218 240 263 287 312 5
79 93 108 124 141 159 178 198 219 241 264 288 313 85
67 80 94 109 125 142 160 179 199 220 242 265 289 314 40
56 68 81 95 110 126 143 161 180 200 221 243 266 290 315 164
46 57 69 82 96 111 127 144 162 181 201 222 244 267 291 316 122
37 47 58 70 83 97 112 128 145 163 182 202 223 245 268 292 317 117
29 38 48 59 71 84 98 113 129 146 164 183 203 224 246 269 293 318 168
22 30 39 49 60 72 85 99 114 130 147 165 184 204 225 247 270 294 319 36
16 23 31 40 50 61 73 86 100 115 131 148 166 185 205 226 248 271 295 320 149
11 17 24 32 41 51 62 74 87 101 116 132 149 167 186 206 227 249 272 296 321 123
7 12 18 25 33 42 52 63 75 88 102 117 133 150 168 187 207 228 250 273 297 322 3
4 8 13 19 26 34 43 53 64 76 89 103 118 134 151 169 188 208 229 251 274 298 323 25
2 5 9 14 20 27 35 44 54 65 77 90 104 119 135 152 170 189 209 230 252 275 299 324 13
1 3 6 10 15 21 28 36 45 55 66 78 91 105 120 136 153 171 190 210 231 253 276 300 325 33
137 155 174 194 215 237 260 284 309 51
121 138 156 175 195 216 238 261 285 310 19
106 122 139 157 176 196 217 239 262 286 311 205
92 107 123 140 158 177 197 218 240 263 287 312 5
79 93 108 124 141 159 178 198 219 241 264 288 313 85
67 80 94 109 125 142 160 179 199 220 242 265 289 314 40
56 68 81 95 110 126 143 161 180 200 221 243 266 290 315 164
46 57 69 82 96 111 127 144 162 181 201 222 244 267 291 316 122
37 47 58 70 83 97 112 128 145 163 182 202 223 245 268 292 317 117
29 38 48 59 71 84 98 113 129 146 164 183 203 224 246 269 293 318 168
22 30 39 49 60 72 85 99 114 130 147 165 184 204 225 247 270 294 319 36
16 23 31 40 50 61 73 86 100 115 131 148 166 185 205 226 248 271 295 320 149
11 17 24 32 41 51 62 74 87 101 116 132 149 167 186 206 227 249 272 296 321 123
7 12 18 25 33 42 52 63 75 88 102 117 133 150 168 187 207 228 250 273 297 322 3
4 8 13 19 26 34 43 53 64 76 89 103 118 134 151 169 188 208 229 251 274 298 323 25
2 5 9 14 20 27 35 44 54 65 77 90 104 119 135 152 170 189 209 230 252 275 299 324 13
1 3 6 10 15 21 28 36 45 55 66 78 91 105 120 136 153 171 190 210 231 253 276 300 325 33
154 173 193 214 236 259 283 308 193
137 155 174 194 215 237 260 284 309 51
121 138 156 175 195 216 238 261 285 310 19
106 122 139 157 176 196 217 239 262 286 311 205
92 107 123 140 158 177 197 218 240 263 287 312 5
79 93 108 124 141 159 178 198 219 241 264 288 313 85
67 80 94 109 125 142 160 179 199 220 242 265 289 314 40
56 68 81 95 110 126 143 161 180 200 221 243 266 290 315 164
46 57 69 82 96 111 127 144 162 181 201 222 244 267 291 316 122
37 47 58 70 83 97 112 128 145 163 182 202 223 245 268 292 317 117
29 38 48 59 71 84 98 113 129 146 164 183 203 224 246 269 293 318 168
22 30 39 49 60 72 85 99 114 130 147 165 184 204 225 247 270 294 319 36
16 23 31 40 50 61 73 86 100 115 131 148 166 185 205 226 248 271 295 320 149
11 17 24 32 41 51 62 74 87 101 116 132 149 167 186 206 227 249 272 296 321 123
7 12 18 25 33 42 52 63 75 88 102 117 133 150 168 187 207 228 250 273 297 322 3
4 8 13 19 26 34 43 53 64 76 89 103 118 134 151 169 188 208 229 251 274 298 323 25
2 5 9 14 20 27 35 44 54 65 77 90 104 119 135 152 170 189 209 230 252 275 299 324 13
1 3 6 10 15 21 28 36 45 55 66 78 91 105 120 136 153 171 190 210 231 253 276 300 325 33
172 192 213 235 258 282 307 48
154 173 193 214 236 259 283 308 193
137 155 174 194 215 237 260 284 309 51
121 138 156 175 195 216 238 261 285 310 19
106 122 139 157 176 196 217 239 262 286 311 205
92 107 123 140 158 177 197 218 240 263 287 312 5
79 93 108 124 141 159 178 198 219 241 264 288 313 85
67 80 94 109 125 142 160 179 199 220 242 265 289 314 40
56 68 81 95 110 126 143 161 180 200 221 243 266 290 315 164
46 57 69 82 96 111 127 144 162 181 201 222 244 267 291 316 122
37 47 58 70 83 97 112 128 145 163 182 202 223 245 268 292 317 117
29 38 48 59 71 84 98 113 129 146 164 183 203 224 246 269 293 318 168
22 30 39 49 60 72 85 99 114 130 147 165 184 204 225 247 270 294 319 36
16 23 31 40 50 61 73 86 100 115 131 148 166 185 205 226 248 271 295 320 149
11 17 24 32 41 51 62 74 87 101 116 132 149 167 186 206 227 249 272 296 321 123
7 12 18 25 33 42 52 63 75 88 102 117 133 150 168 187 207 228 250 273 297 322 3
4 8 13 19 26 34 43 53 64 76 89 103 118 134 151 169 188 208 229 251 274 298 323 25
2 5 9 14 20 27 35 44 54 65 77 90 104 119 135 152 170 189 209 230 252 275 299 324 13
1 3 6 10 15 21 28 36 45 55 66 78 91 105 120 136 153 171 190 210 231 253 276 300 325 33
191 212 234 257 281 306 147
172 192 213 235 258 282 307 48
154 173 193 214 236 259 283 308 193
137 155 174 194 215 237 260 284 309 51
121 138 156 175 195 216 238 261 285 310 19
106 122 139 157 176 196 217 239 262 286 311 205
92 107 123 140 158 177 197 218 240 263 287 312 5
79 93 108 124 141 159 178 198 219 241 264 288 313 85
67 80 94 109 125 142 160 179 199 220 242 265 289 314 40
56 68 81 95 110 126 143 161 180 200 221 243 266 290 315 164
46 57 69 82 96 111 127 144 162 181 201 222 244 267 291 316 122
37 47 58 70 83 97 112 128 145 163 182 202 223 245 268 292 317 117
29 38 48 59 71 84 98 113 129 146 164 183 203 224 246 269 293 318 168
22 30 39 49 60 72 85 99 114 130 147 165 184 204 225 247 270 294 319 36
16 23 31 40 50 61 73 86 100 115 131 148 166 185 205 226 248 271 295 320 149
11 17 24 32 41 51 62 74 87 101 116 132 149 167 186 206 227 249 272 296 321 123
7 12 18 25 33 42 52 63 75 88 102 117 133 150 168 187 207 228 250 273 297 322 3
4 8 13 19 26 34 43 53 64 76 89 103 118 134 151 169 188 208 229 251 274 298 323 25
2 5 9 14 20 27 35 44 54 65 77 90 104 119 135 152 170 189 209 230 252 275 299 324 13
1 3 6 10 15 21 28 36 45 55 66 78 91 105 120 136 153 171 190 210 231 253 276 300 325 33
211 233 256 280 305 14
191 212 234 257 281 306 147
172 192 213 235 258 282 307 48
154 173 193 214 236 259 283 308 193
137 155 174 194 215 237 260 284 309 51
121 138 156 175 195 216 238 261 285 310 19
106 122 139 157 176 196 217 239 262 286 311 205
92 107 123 140 158 177 197 218 240 263 287 312 5
79 93 108 124 141 159 178 198 219 241 264 288 313 85
67 80 94 109 125 142 160 179 199 220 242 265 289 314 40
56 68 81 95 110 126 143 161 180 200 221 243 266 290 315 164
46 57 69 82 96 111 127 144 162 181 201 222 244 267 291 316 122
37 47 58 70 83 97 112 128 145 163 182 202 223 245 268 292 317 117
29 38 48 59 71 84 98 113 129 146 164 183 203 224 246 269 293 318 168
22 30 39 49 60 72 85 99 114 130 147 165 184 204 225 247 270 294 319 36
16 23 31 40 50 61 73 86 100 115 131 148 166 185 205 226 248 271 295 320 149
11 17 24 32 41 51 62 74 87 101 116 132 149 167 186 206 227 249 272 296 321 123
7 12 18 25 33 42 52 63 75 88 102 117 133 150 168 187 207 228 250 273 297 322 3
4 8 13 19 26 34 43 53 64 76 89 103 118 134 151 169 188 208 229 251 274 298 323 25
2 5 9 14 20 27 35 44 54 65 77 90 104 119 135 152 170 189 209 230 252 275 299 324 13
1 3 6 10 15 21 28 36 45 55 66 78 91 105 120 136 153 171 190 210 231 253 276 300 325 33
232 255 279 304 94
211 233 256 280 305 14
191 212 234 257 281 306 147
172 192 213 235 258 282 307 48
154 173 193 214 236 259 283 308 193
137 155 174 194 215 237 260 284 309 51
121 138 156 175 195 216 238 261 285 310 19
106 122 139 157 176 196 217 239 262 286 311 205
92 107 123 140 158 177 197 218 240 263 287 312 5
79 93 108 124 141 159 178 198 219 241 264 288 313 85
67 80 94 109 125 142 160 179 199 220 242 265 289 314 40
56 68 81 95 110 126 143 161 180 200 221 243 266 290 315 164
46 57 69 82 96 111 127 144 162 181 201 222 244 267 291 316 122
37 47 58 70 83 97 112 128 145 163 182 202 223 245 268 292 317 117
29 38 48 59 71 84 98 113 129 146 164 183 203 224 246 269 293 318 168
22 30 39 49 60 72 85 99 114 130 147 165 184 204 225 247 270 294 319 36
16 23 31 40 50 61 73 86 100 115 131 148 166 185 205 226 248 271 295 320 149
11 17 24 32 41 51 62 74 87 101 116 132 149 167 186 206 227 249 272 296 321 123
7 12 18 25 33 42 52 63 75 88 102 117 133 150 168 187 207 228 250 273 297 322 3
4 8 13 19 26 34 43 53 64 76 89 103 118 134 151 169 188 208 229 251 274 298 323 25
2 5 9 14 20 27 35 44 54 65 77 90 104 119 135 152 170 189 209 230 252 275 299 324 13
1 3 6 10 15 21 28 36 45 55 66 78 91 105 120 136 153 171 190 210 231 253 276 300 325 33
254 278 303 23
232 255 279 304 94
211 233 256 280 305 14
191 212 234 257 281 306 147
172 192 213 235 258 282 307 48
154 173 193 214 236 259 283 308 193
137 155 174 194 215 237 260 284 309 51
121 138 156 175 195 216 238 261 285 310 19
106 122 139 157 176 196 217 239 262 286 311 205
92 107 123 140 158 177 197 218 240 263 287 312 5
79 93 108 124 141 159 178 198 219 241 264 288 313 85
67 80 94 109 125 142 160 179 199 220 242 265 289 314 40
56 68 81 95 110 126 143 161 180 200 221 243 266 290 315 164
46 57 69 82 96 111 127 144 162 181 201 222 244 267 291 316 122
37 47 58 70 83 97 112 128 145 163 182 202 223 245 268 292 317 117
29 38 48 59 71 84 98 113 129 146 164 183 203 224 246 269 293 318 168
22 30 39 49 60 72 85 99 114 130 147 165 184 204 225 247 270 294 319 36
16 23 31 40 50 61 73 86 100 115 131 148 166 185 205 226 248 271 295 320 149
11 17 24 32 41 51 62 74 87 101 116 132 149 167 186 206 227 249 272 296 321 123
7 12 18 25 33 42 52 63 75 88 102 117 133 150 168 187 207 228 250 273 297 322 3
4 8 13 19 26 34 43 53 64 76 89 103 118 134 151 169 188 208 229 251 274 298 323 25
2 5 9 14 20 27 35 44 54 65 77 90 104 119 135 152 170 189 209 230 252 275 299 324 13
1 3 6 10 15 21 28 36 45 55 66 78 91 105 120 136 153 171 190 210 231 253 276 300 325 33
277 302 316
254 278 303 23
232 255 279 304 94
211 233 256 280 305 14
191 212 234 257 281 306 147
172 192 213 235 258 282 307 48
154 173 193 214 236 259 283 308 193
137 155 174 194 215 237 260 284 309 51
121 138 156 175 195 216 238 261 285 310 19
106 122 139 157 176 196 217 239 262 286 311 205
92 107 123 140 158 177 197 218 240 263 287 312 5
79 93 108 124 141 159 178 198 219 241 264 288 313 85
67 80 94 109 125 142 160 179 199 220 242 265 289 314 40
56 68 81 95 110 126 143 161 180 200 221 243 266 290 315 164
46 57 69 82 96 111 127 144 162 181 201 222 244 267 291 316 122
37 47 58 70 83 97 112 128 145 163 182 202 223 245 268 292 317 117
29 38 48 59 71 84 98 113 129 146 164 183 203 224 246 269 293 318 168
22 30 39 49 60 72 85 99 114 130 147 165 184 204 225 247 270 294 319 36
16 23 31 40 50 61 73 86 100 115 131 148 166 185 205 226 248 271 295 320 149
11 17 24 32 41 51 62 74 87 101 116 132 149 167 186 206 227 249 272 296 321 123
7 12 18 25 33 42 52 63 75 88 102 117 133 150 168 187 207 228 250 273 297 322 3
4 8 13 19 26 34 43 53 64 76 89 103 118 134 151 169 188 208 229 251 274 298 323 25
2 5 9 14 20 27 35 44 54 65 77 90 104 119 135 152 170 189 209 230 252 275 299 324 13
1 3 6 10 15 21 28 36 45 55 66 78 91 105 120 136 153 171 190 210 231 253 276 300 325 33
301 88
277 302 316
254 278 303 23
232 255 279 304 94
211 233 256 280 305 14
191 212 234 257 281 306 147
172 192 213 235 258 282 307 48
154 173 193 214 236 259 283 308 193
137 155 174 194 215 237 260 284 309 51
121 138 156 175 195 216 238 261 285 310 19
106 122 139 157 176 196 217 239 262 286 311 205
92 107 123 140 158 177 197 218 240 263 287 312 5
79 93 108 124 141 159 178 198 219 241 264 288 313 85
67 80 94 109 125 142 160 179 199 220 242 265 289 314 40
56 68 81 95 110 126 143 161 180 200 221 243 266 290 315 164
46 57 69 82 96 111 127 144 162 181 201 222 244 267 291 316 122
37 47 58 70 83 97 112 128 145 163 182 202 223 245 268 292 317 117
29 38 48 59 71 84 98 113 129 146 164 183 203 224 246 269 293 318 168
22 30 39 49 60 72 85 99 114 130 147 165 184 204 225 247 270 294 319 36
16 23 31 40 50 61 73 86 100 115 131 148 166 185 205 226 248 271 295 320 149
11 17 24 32 41 51 62 74 87 101 116 132 149 167 186 206 227 249 272 296 321 123
7 12 18 25 33 42 52 63 75 88 102 117 133 150 168 187 207 228 250 273 297 322 3
4 8 13 19 26 34 43 53 64 76 89 103 118 134 151 169 188 208 229 251 274 298 323 25
2 5 9 14 20 27 35 44 54 65 77 90 104 119 135 152 170 189 209 230 252 275 299 324 13
1 3 6 10 15 21 28 36 45 55 66 78 91 105 120 136 153 171 190 210 231 253 276 300 325 33
